=====================otsu_canny/=====================
PSNR : 34.1900281784
SSIM : 20.6667404516
K : 0.1
L : 0.0
=====================otsu_canny/=====================
PSNR : 34.1900281784
SSIM : 20.6667404516
K : 0.1
L : 0.0
